2013
2031
2310
1320
1230
0123
3120
2130
1302
1032
0213
3201
1203
0312
3102
0321
3021
0132
2301
2103
01342
23410
40213
21403
03412
30142
04123
34210
10324
04213
01243
32014
14023
10342
20314
12034
40132
12340
12043
43102
203514
214530
250134
503412
143025
430521
504213
341205
034152
031524
431052
210345
534201
253410
031542
124035
432105
410532
142305
143205
5462031
2364150
0623541
4061532
6342105
1625043
2365014
6013254
4031265
3206154
1306425
0354216
4106235
3105246
5213406
4623051
2463150
5603421
1256304
2104356
57302416
06753142
71234650
34026157
37604152
72306145
34652170
16725340
54326710
42651703
16057324
32671450
43705126
13062745
14037265
54263710
24357601
05342167
54617032
13065247
146823075
650218734
750824163
325640871
801375462
750314682
218567304
840621753
621345780
513820476
624583071
014826735
753260418
850367241
758264013
602835174
572134608
735268104
276345810
763058214
7126049853
6394812507
0419862735
3476928051
4738190652
0237864519
6932418750
5974183206
4198207365
9710364258
4583906127
2407865931
0869412357
0867123495
6729381405
2014897365
0726315948
1345698720
4796251038
3685790124